# Bundle file v0.5
57 17331 0 0
./img0.jpg 1600 1200 1716.834 -1
1.719217541e+03 -1.538650942e-01 1.529871402e-01
-2.894405312e-01 -8.966476363e-01 -3.350331255e-01
6.900280776e-01 4.712500040e-02 -7.222468321e-01
6.633893510e-01 -4.402297703e-01 6.050721596e-01
-6.521028963e-03 2.519855864e-02 -5.777547961e-02
./img1.jpg 1600 1200 1716.834 -1
1.719266249e+03 -1.422564621e-01 1.188895377e-01
-6.939667898e-02 -9.947355078e-01 -7.540139525e-02
6.878476394e-01 7.030590497e-03 -7.258210494e-01
7.225300865e-01 -1.022342421e-01 6.837385713e-01
-2.732167626e-02 2.412327515e-02 -5.206753049e-02
./img10.jpg 1600 1200 1716.834 -1
1.715695655e+03 -1.387573675e-01 1.106710450e-01
1.867851567e-01 -9.739090724e-01 -1.288891923e-01
9.703418032e-01 1.624041059e-01 1.790577875e-01
-1.534538697e-01 -1.585119082e-01 9.753593619e-01
-2.973884642e-02 -2.709403396e-02 -4.879336358e-02
./img11.jpg 1600 1200 1716.834 -1
1.716428248e+03 -1.407580849e-01 1.240735977e-01
-1.262273635e-02 -9.927916300e-01 -1.191866012e-01
8.718958563e-01 4.742643227e-02 -4.873893200e-01
4.895286327e-01 -1.100704906e-01 8.650122570e-01
-2.579624012e-02 2.165737467e-03 -5.861373748e-02
./img12.jpg 1600 1200 1716.834 -1
1.719296543e+03 -1.565957264e-01 1.599807302e-01
-1.083951057e-01 -9.906214313e-01 -8.318461942e-02
5.175152533e-01 1.521422939e-02 -8.555387132e-01
8.487805745e-01 -1.357855186e-01 5.110125530e-01
-2.503350721e-02 2.885521143e-02 -5.176313176e-02
./img13.jpg 1600 1200 1716.834 -1
1.723621739e+03 -1.516270907e-01 1.659686738e-01
-1.812138880e-01 -9.162841966e-01 -3.571901425e-01
6.966543463e-01 1.367569906e-01 -7.042515512e-01
6.941428157e-01 -3.764582269e-01 6.135511020e-01
-6.896530503e-03 2.036259381e-02 -6.067788345e-02
./img14.jpg 1600 1200 1716.834 -1
1.718348720e+03 -1.409758214e-01 1.198145526e-01
-3.303532507e-01 -8.336173368e-01 -4.426611181e-01
7.083245711e-01 9.100538049e-02 -6.999959448e-01
6.238132988e-01 -5.447936824e-01 5.604077193e-01
-6.967179133e-03 1.419500433e-02 -4.766789358e-02
./img15.jpg 1600 1200 1716.834 -1
1.712800268e+03 -1.329744500e-01 1.198087267e-01
-8.787804526e-02 -7.579251088e-01 -6.463953733e-01
9.508567207e-01 1.295829846e-01 -2.812112140e-01
2.968988816e-01 -6.393416767e-01 7.092906841e-01
-3.959804844e-03 -1.640136354e-03 -4.697859792e-02
./img16.jpg 1600 1200 1716.834 -1
1.710869886e+03 -1.297997777e-01 1.139956311e-01
-2.900500746e-02 -9.571660370e-01 -2.880831254e-01
9.749941181e-01 3.643554351e-02 -2.192234494e-01
2.203297055e-01 -2.872379306e-01 9.321744430e-01
-2.797806628e-02 1.507848324e-03 -2.371101986e-02
./img17.jpg 1600 1200 1716.834 -1
1.724899560e+03 -1.369367270e-01 1.421240691e-01
-9.806462377e-02 -8.470438193e-01 -5.223984090e-01
9.551091139e-01 6.734957901e-02 -2.884971661e-01
2.795530543e-01 -5.272388475e-01 8.024146606e-01
-2.071048098e-02 2.970982951e-03 -3.009491242e-02
./img18.jpg 1600 1200 1716.834 -1
1.704490987e+03 -9.112305880e-02 1.434420696e-02
3.051877802e-01 2.360126006e-02 -9.519996845e-01
-3.330756200e-02 9.993457202e-01 1.409743883e-02
9.517095277e-01 2.740642245e-02 3.057742024e-01
2.245450449e-04 3.346003507e-02 -3.638915594e-03
./img19.jpg 1600 1200 1716.834 -1
1.710491177e+03 -1.615952199e-01 1.644734360e-01
3.160084225e-01 1.376127699e-02 -9.486565786e-01
3.079049120e-01 9.442865659e-01 1.162645545e-01
8.974036116e-01 -3.288365988e-01 2.941653433e-01
-2.939779595e-04 3.006649702e-02 -1.500797821e-02
./img2.jpg 1600 1200 1716.834 -1
1.718382297e+03 -1.422200718e-01 1.550560021e-01
-1.145320568e-01 -9.577843571e-01 -2.636883259e-01
8.634381560e-01 3.529139985e-02 -5.032187078e-01
4.912809367e-01 -2.853132355e-01 8.229455625e-01
-1.555646007e-02 1.022176623e-02 -6.066479288e-02
./img20.jpg 1600 1200 1716.834 -1
1.710809765e+03 -1.379440413e-01 1.221808927e-01
3.476031824e-01 1.472647640e-02 -9.375260842e-01
5.475449958e-01 8.084944383e-01 2.157109661e-01
7.611612872e-01 -5.883195341e-01 2.729718312e-01
-4.537204862e-04 2.411278269e-02 -2.303157028e-02
./img23.jpg 1600 1200 1716.834 -1
1.717498909e+03 -1.284446853e-01 8.626883900e-02
9.592536872e-01 1.047010365e-02 2.823521570e-01
-1.845155492e-01 7.800118715e-01 5.979427166e-01
-2.139775122e-01 -6.256771190e-01 7.501611607e-01
2.162853130e-02 -1.465347749e-02 -7.399766189e-02
./img24.jpg 1600 1200 1716.834 -1
1.723672765e+03 -1.504415333e-01 1.915608120e-01
9.742637590e-01 1.046443767e-02 2.251679895e-01
-1.505609806e-01 7.736232319e-01 6.154985671e-01
-1.677543413e-01 -6.335594610e-01 7.552886140e-01
2.606623737e-02 -1.437105418e-02 -7.284266685e-02
./img25.jpg 1600 1200 1716.834 -1
1.713912292e+03 -1.422285833e-01 1.268943507e-01
9.996534641e-01 7.081869276e-03 2.535347872e-02
-1.579503668e-02 9.318552905e-01 3.624861850e-01
-2.105869350e-02 -3.627610296e-01 9.316442276e-01
3.858580394e-02 1.127853981e-02 -6.765946967e-02
./img26.jpg 1600 1200 1716.834 -1
1.707530220e+03 -1.337595992e-01 9.762383432e-02
9.980670707e-01 -6.740219687e-03 6.177937948e-02
-4.140474514e-03 9.846802058e-01 1.743208214e-01
-6.200789274e-02 -1.742396675e-01 9.827489809e-01
3.591838899e-02 2.482685558e-02 -6.554464284e-02
./img27.jpg 1600 1200 1716.834 -1
1.714893547e+03 -1.472136834e-01 1.368586747e-01
7.655526412e-01 2.572509741e-02 6.428587503e-01
-1.560696127e-01 9.767810118e-01 1.467689714e-01
-6.241565745e-01 -2.126900899e-01 7.517921895e-01
-6.443578132e-03 2.005150621e-02 -7.587725164e-02
./img28.jpg 1600 1200 1716.834 -1
1.713257526e+03 -1.410862109e-01 1.059771982e-01
7.277153126e-01 7.435488175e-02 6.818370593e-01
-4.334526766e-01 8.202843120e-01 3.731654118e-01
-5.315535730e-01 -5.671022827e-01 6.291627770e-01
-8.598656970e-03 -9.987050137e-03 -7.737299873e-02
./img29.jpg 1600 1200 1716.834 -1
1.713704634e+03 -1.487192626e-01 1.509132115e-01
1.345433277e-01 -9.347118349e-01 -3.289557397e-01
9.073752367e-01 -1.719265332e-02 4.199697518e-01
-3.982063193e-01 -3.549904201e-01 8.458212157e-01
-9.635414848e-03 2.850696308e-02 -7.774552231e-02
./img3.jpg 1600 1200 1716.834 -1
1.717143530e+03 -1.561472136e-01 1.600856578e-01
9.178266683e-01 -3.026517674e-02 -3.958260048e-01
2.417350345e-01 8.335223156e-01 4.967944470e-01
3.148942363e-01 -5.516562050e-01 7.723451634e-01
1.592228983e-03 -3.182810799e-03 -6.300716619e-02
./img30.jpg 1600 1200 1716.834 -1
1.715378614e+03 -1.610806454e-01 1.769213829e-01
4.659704050e-01 -8.094788107e-01 -3.572333085e-01
6.772517889e-01 6.648693785e-02 7.327410876e-01
-5.693870354e-01 -5.833725586e-01 5.792019180e-01
1.465324516e-02 9.608969780e-03 -8.134225028e-02
./img31.jpg 1600 1200 3478.261 -1
3.434747974e+03 -1.941794968e-01 1.456938145e+00
8.773381407e-01 -2.557094148e-02 4.791908950e-01
-9.876915083e-02 9.675763681e-01 2.324663991e-01
-4.695981705e-01 -2.512809161e-01 8.463660316e-01
3.330612740e-02 2.076938416e-02 -7.097735404e-02
./img32.jpg 1600 1200 1716.834 -1
1.712520179e+03 -1.591541385e-01 1.971652919e-01
9.359430722e-01 6.552711464e-02 -3.460011022e-01
1.775963080e-01 7.606062260e-01 6.244499342e-01
3.040889950e-01 -6.458981082e-01 7.002467543e-01
1.421191374e-02 6.805969801e-03 -4.191737612e-02
./img33.jpg 1600 1200 1716.834 -1
1.717880926e+03 -1.680794077e-01 1.773148706e-01
9.819348645e-01 -5.101247137e-02 1.822131984e-01
-6.775153384e-02 8.043412562e-01 5.902921932e-01
-1.766738565e-01 -5.919737084e-01 7.863545492e-01
-5.792210779e-03 9.013748400e-03 -4.356626819e-02
./img34.jpg 1600 1200 1716.834 -1
1.713191612e+03 -1.311938189e-01 9.861188725e-02
9.544861972e-01 4.645645621e-02 2.946148284e-01
-1.006566049e-01 9.800162024e-01 1.715706588e-01
-2.807567405e-01 -1.934167540e-01 9.400880873e-01
-1.936050091e-02 1.699384936e-02 -8.786287982e-02
./img35.jpg 1600 1200 1716.834 -1
1.713969990e+03 -1.325010568e-01 1.228597563e-01
9.796216406e-01 3.433299176e-02 1.978956467e-01
-1.461877903e-01 7.975342946e-01 5.852932418e-01
-1.377336969e-01 -6.022958530e-01 7.863009183e-01
-1.888589378e-02 -2.257598448e-02 -8.386804924e-02
./img36.jpg 1600 1200 1716.834 -1
1.713736239e+03 -1.453168768e-01 1.271261467e-01
9.682684042e-01 1.265769794e-02 -2.495918271e-01
1.407952820e-01 7.975099641e-01 5.866468662e-01
2.064775679e-01 -6.031729767e-01 7.704215561e-01
1.359590042e-02 -2.133839063e-02 -7.966503940e-02
./img37.jpg 1600 1200 1716.834 -1
1.719411914e+03 -1.439102900e-01 1.489364569e-01
9.998996734e-01 1.014399271e-03 -1.412848534e-02
1.182126064e-03 9.879770274e-01 1.545962352e-01
1.411544125e-02 -1.545974267e-01 9.878767079e-01
3.129393961e-02 2.052192531e-02 -8.910273019e-02
./img38.jpg 1600 1200 1716.834 -1
1.717910099e+03 -1.440211361e-01 1.494882523e-01
9.962236120e-01 -6.093128345e-02 6.185380744e-02
3.904086575e-02 9.506804134e-01 3.077053173e-01
-7.755208314e-02 -3.041284765e-01 9.494690854e-01
3.523398838e-02 1.184332387e-02 -8.596876871e-02
./img39.jpg 1600 1200 1716.834 -1
1.720290021e+03 -1.297375281e-01 9.261653278e-02
9.935240942e-01 -2.350419593e-02 1.111639644e-01
-3.452555904e-02 8.696564074e-01 4.924486966e-01
-1.082490645e-01 -4.930976432e-01 8.632130990e-01
4.263269033e-02 -2.738323659e-03 -7.960587078e-02
./img4.jpg 1600 1200 1716.834 -1
1.713143300e+03 -1.435415073e-01 1.245615423e-01
9.710036466e-01 5.921200934e-02 -2.316157511e-01
-5.064455188e-02 9.978005967e-01 4.276796221e-02
2.336387116e-01 -2.979777134e-02 9.718667837e-01
-5.792652630e-03 3.160623720e-02 -5.443828202e-02
./img40.jpg 1600 1200 1716.834 -1
1.720197430e+03 -1.251245543e-01 8.014624063e-02
9.745923061e-01 1.518597752e-03 2.239810947e-01
-1.773977593e-02 9.973591363e-01 7.042764840e-02
-2.232826399e-01 -7.261161870e-02 9.720454802e-01
4.553432016e-02 3.192219961e-02 -6.816323307e-02
./img41.jpg 1600 1200 1716.834 -1
1.719243287e+03 -1.404111554e-01 1.343435090e-01
9.773296702e-01 -7.592980599e-03 2.115870089e-01
-1.713559533e-02 9.932415865e-01 1.147933890e-01
-2.110286404e-01 -1.158166544e-01 9.705943620e-01
5.704356243e-02 3.070477711e-02 -6.128946525e-02
./img42.jpg 1600 1200 1716.834 -1
1.717796648e+03 -1.248202946e-01 1.065894717e-01
9.785685327e-01 2.450551773e-02 2.044580799e-01
-1.476379286e-01 7.756508846e-01 6.136519757e-01
-1.435502312e-01 -6.306862809e-01 7.626454919e-01
5.855768225e-02 -8.519812684e-03 -6.652376922e-02
./img43.jpg 1600 1200 1716.834 -1
1.715909774e+03 -1.498677884e-01 1.445956362e-01
3.210573621e-01 -9.351106970e-01 -1.499671782e-01
5.300445442e-01 4.619334759e-02 8.467106683e-01
-7.848407172e-01 -3.513319783e-01 5.104810375e-01
4.808768763e-03 9.590916462e-03 -1.199484006e-01
./img44.jpg 1600 1200 1716.834 -1
1.714654790e+03 -1.459264702e-01 1.323966743e-01
3.064128994e-01 -9.265328694e-01 -2.182841656e-01
6.980668808e-01 6.281561448e-02 7.132719177e-01
-6.471582226e-01 -3.709326630e-01 6.660294246e-01
7.419967114e-03 3.503799407e-02 -1.153327972e-01
./img45.jpg 1600 1200 1716.834 -1
1.718062993e+03 -1.167045517e-01 7.954117053e-02
5.656931530e-01 3.132191987e-02 8.240207485e-01
-4.698929004e-01 8.334118915e-01 2.909042477e-01
-6.776370111e-01 -5.517640405e-01 4.861733484e-01
4.785396846e-02 -3.053294876e-02 -1.147646233e-01
./img46.jpg 1600 1200 1716.834 -1
1.719637840e+03 -1.466293686e-01 1.447402277e-01
3.796353764e-01 2.671679690e-02 9.247503413e-01
-2.365266600e-01 9.691647074e-01 6.910071628e-02
-8.943892442e-01 -2.449611860e-01 3.742484432e-01
2.147621662e-02 8.352365310e-03 -1.267108199e-01
./img47.jpg 1600 1200 1716.834 -1
1.716468674e+03 -1.446145334e-01 1.292562686e-01
9.174666840e-01 -3.169067878e-02 3.965483384e-01
-1.340510037e-01 9.138947653e-01 3.831797050e-01
-3.745466756e-01 -4.047123161e-01 8.342198325e-01
3.246508458e-02 1.234266269e-02 -6.357409907e-02
./img48.jpg 1600 1200 1716.834 -1
1.718649949e+03 -1.440898302e-01 1.280459314e-01
8.455757296e-01 -4.488661483e-02 5.319651091e-01
-2.136561578e-01 8.847232860e-01 4.142653176e-01
-4.892368872e-01 -4.639503195e-01 7.385102364e-01
2.995340093e-02 7.636573322e-03 -6.638955964e-02
./img49.jpg 1600 1200 1716.834 -1
1.715630683e+03 -1.365174383e-01 1.074317269e-01
8.595571502e-01 3.144526642e-02 5.100712703e-01
-1.440566600e-01 9.725380569e-01 1.828042850e-01
-4.903153927e-01 -2.306098938e-01 8.404819407e-01
3.248596334e-02 2.168012689e-02 -6.229610150e-02
./img5.jpg 1600 1200 1716.834 -1
1.718953619e+03 -1.458971284e-01 1.436242815e-01
8.977416697e-02 -9.864053195e-01 -1.376413624e-01
9.936487480e-01 7.929224070e-02 7.984300940e-02
-6.784367716e-02 -1.439350070e-01 9.872588056e-01
-2.735098373e-02 -2.183913234e-02 -5.303746709e-02
./img50.jpg 1600 1200 1716.834 -1
1.717272451e+03 -1.354917173e-01 1.219219820e-01
9.931185815e-01 -1.828411555e-02 1.156770258e-01
-2.956423905e-02 9.166059025e-01 3.986973479e-01
-1.133200730e-01 -3.993736478e-01 9.097577977e-01
-4.171923636e-02 -2.162788092e-02 -1.226015079e-01
./img51.jpg 1600 1200 1716.834 -1
1.715299432e+03 -1.375702441e-01 1.189843976e-01
9.960623204e-01 1.907001393e-03 8.863530468e-02
-1.821110620e-02 9.828499090e-01 1.835058910e-01
-8.676525514e-02 -1.843974505e-01 9.790144896e-01
-3.785492034e-02 7.046665690e-03 -1.256405448e-01
./img52.jpg 1600 1200 1716.834 -1
1.718165069e+03 -1.426717568e-01 1.207755247e-01
9.655814218e-01 4.289913129e-03 -2.600655965e-01
5.796880209e-02 9.711661456e-01 2.312486447e-01
2.535589396e-01 -2.383650862e-01 9.374913065e-01
-2.745601122e-03 -3.632566016e-03 -1.375657695e-01
./img53.jpg 1600 1200 1716.834 -1
1.717584794e+03 -1.433261919e-01 1.272893559e-01
9.492050513e-01 1.088404683e-02 -3.144698842e-01
6.555042298e-02 9.706350036e-01 2.314537357e-01
3.077546305e-01 -2.403106890e-01 9.206181946e-01
1.805094870e-03 -9.328557412e-03 -1.557527423e-01
./img54.jpg 1600 1200 1716.834 -1
1.713594845e+03 -1.492610179e-01 1.505405007e-01
9.028888082e-01 5.827816932e-03 -4.298346620e-01
9.738652515e-02 9.711377781e-01 2.177321307e-01
4.186975815e-01 -2.384480081e-01 8.762618802e-01
-6.172721332e-03 -9.888112216e-03 -1.560696528e-01
./img55.jpg 1600 1200 1716.834 -1
1.715941177e+03 -1.299090651e-01 1.067212463e-01
9.772287343e-01 1.158526458e-02 -2.118720902e-01
6.143078407e-02 9.403001454e-01 3.347564716e-01
2.031015995e-01 -3.401491116e-01 9.181766291e-01
-4.141209743e-02 -2.426265149e-02 -1.492124611e-01
./img56.jpg 1600 1200 1716.834 -1
1.715929561e+03 -1.422924591e-01 1.356034573e-01
1.791152513e-01 -8.975261739e-01 -4.029447778e-01
9.068876736e-01 -8.156425761e-03 4.212935084e-01
-3.814085399e-01 -4.408857448e-01 8.124944835e-01
6.669121049e-03 -3.715029632e-02 -8.584909067e-02
./img57.jpg 1600 1200 1716.834 -1
1.715507612e+03 -1.461823894e-01 1.611485951e-01
1.603105828e-01 -9.454504753e-01 -2.835911067e-01
9.256213762e-01 4.420786997e-02 3.758599901e-01
-3.428200475e-01 -3.227523245e-01 8.822161595e-01
-5.482109281e-03 -3.123832415e-02 -8.827319781e-02
./img58.jpg 1600 1200 1716.834 -1
1.717967547e+03 -1.293290073e-01 9.211313212e-02
9.419571889e-01 3.799986363e-02 3.335755755e-01
-1.861267265e-01 8.860157854e-01 4.246561782e-01
-2.794163487e-01 -4.620952698e-01 8.416617288e-01
-3.538237400e-02 -3.567898992e-03 -7.831004758e-02
./img6.jpg 1600 1200 1716.834 -1
1.718302805e+03 -1.257238073e-01 8.411431476e-02
5.946074786e-03 -9.464228236e-01 -3.228753368e-01
9.896183776e-01 5.193485822e-02 -1.340083473e-01
1.435970433e-01 -3.187265433e-01 9.369062278e-01
-1.450181330e-02 -1.161399854e-02 -6.064631244e-02
./img7.jpg 1600 1200 1716.834 -1
1.715943143e+03 -1.415517300e-01 1.254116278e-01
9.936647102e-01 -1.216519319e-02 -1.117248935e-01
8.054811937e-02 7.703588501e-01 6.325023657e-01
7.837374703e-02 -6.374945099e-01 7.664582869e-01
-1.462594802e-02 -8.956455900e-03 -6.062913560e-02
./img8.jpg 1600 1200 1716.834 -1
1.725681733e+03 -1.852617723e-01 2.021231891e-01
9.956551389e-01 -9.146331173e-02 1.747303459e-02
3.862824162e-02 5.764326779e-01 8.162311111e-01
-8.472722868e-02 -8.120097477e-01 5.774612250e-01
-2.386497180e-02 -2.373266655e-02 -5.326436089e-02
./img9.jpg 1600 1200 1716.834 -1
1.715302587e+03 -1.369509519e-01 1.267412126e-01
9.893972813e-01 -7.279186442e-02 1.256756307e-01
-2.194192959e-02 7.804786909e-01 6.247972189e-01
-1.435673062e-01 -6.209302356e-01 7.706063010e-01
-2.880658630e-02 -5.998748777e-03 -5.579185409e-02
-1
-1.993105268e-02 3.309157145e-03 -1.679942003e-02
132 156 172
18 26 1093 45 1884 46 2367 44 1072 47 2321 48 1734 49 1987 27 440 3 576 12 754 21 394 54 325 5 482 6 320 0 386 1 434 7 243 24 338
-1
-1.841120919e-02 4.435447043e-03 -1.662044121e-02
150 145 137
21 26 7862 45 13500 53 2668 3 3426 12 6729 21 1954 54 1496 5 3827 6 2907 1 3076 7 1349 24 3592 29 10742 30 6919 16 3634 17 4527 20 4673 40 6739 22 4220 18 6715 19 3349
-1
2.747310740e-02 -2.368667830e-02 2.051442657e-02
165 135 120
5 26 437 45 800 51 371 2 38 43 65
-1
3.198262455e-02 -3.303936191e-02 1.873587142e-02
131 108 103
5 26 896 45 1518 51 831 2 80 43 161
-1
2.427112950e-02 -2.168936995e-02 2.171901246e-02
142 107 89
5 26 2926 45 2353 51 1780 2 111 43 216
-1
2.182305776e-02 -3.184750847e-02 2.419085504e-02
178 156 132
10 26 2561 45 6914 46 6382 51 2817 47 6486 2 175 43 459 53 616 3 462 32 496
-1
2.182305776e-02 -3.184750847e-02 2.419085504e-02
178 156 132
10 26 2560 45 6913 46 6381 51 2818 47 6485 2 176 43 460 53 617 3 463 32 495
-1
2.174007570e-02 -3.119851006e-02 2.429269265e-02
166 152 123
10 26 2586 45 6963 46 6408 51 2819 47 6527 2 177 43 458 53 432 3 461 32 513
-1
2.208250397e-02 -3.118045031e-02 2.407368206e-02
172 153 130
8 26 2585 45 6964 46 4405 47 6526 2 178 43 462 53 433 32 512
-1
2.692812636e-02 -1.828753480e-02 2.046064966e-02
148 125 106
9 26 3027 45 5306 51 2904 52 1441 50 1313 2 207 56 384 43 498 54 323
-1
2.175872090e-02 -3.206521086e-02 2.426378358e-02
136 102 82
10 26 2552 45 6894 46 6375 51 2815 47 9273 2 305 43 456 53 615 3 726 32 487
-1
2.184737329e-02 -3.226839236e-02 2.421361495e-02
169 145 116
8 26 3888 45 6883 47 9256 2 309 43 457 53 618 3 728 32 483
-1
2.097602986e-02 -2.772924201e-02 2.445658297e-02
177 149 123
7 26 4104 45 7209 2 311 43 722 53 609 3 713 32 577
-1
2.104597199e-02 -2.791413029e-02 2.434720468e-02
133 104 89
10 26 2723 45 7198 46 6574 51 2807 47 9517 2 312 43 452 53 610 3 715 32 570
-1
2.029711644e-02 -2.355340444e-02 2.454168060e-02
184 169 147
13 26 2884 45 7554 46 6832 51 2795 52 1361 50 1957 47 6873 2 321 43 446 53 941 3 701 21 375 32 655
-1
2.063919781e-02 -2.460486555e-02 2.442644212e-02
180 152 128
9 26 2835 45 7446 46 6747 51 2803 2 328 43 721 53 943 3 707 32 630
-1
2.083238321e-02 -2.420950593e-02 2.440711671e-02
171 148 123
7 26 2855 45 7492 2 332 43 729 53 608 3 710 32 642
-1
2.127037952e-02 -2.506140424e-02 2.419959617e-02
185 168 140
9 26 4261 45 11016 46 6723 47 9772 2 337 43 736 53 955 3 1035 32 945
-1
2.209607681e-02 -2.547947604e-02 2.389099358e-02
178 147 126
10 26 4226 45 7379 46 6705 51 2834 50 1984 47 6780 2 353 43 469 53 619 32 622
-1
2.147755101e-02 -2.221430171e-02 2.400590928e-02
178 148 120
10 26 2929 45 5109 46 6901 52 1382 47 6961 2 354 56 364 43 749 53 959 3 725
-1
2.180613248e-02 -2.328157887e-02 2.391125679e-02
188 165 141
11 26 4378 45 7575 46 6851 51 4459 52 1363 47 6894 2 357 43 757 53 965 3 730 32 657
-1
2.168682131e-02 -2.265082226e-02 2.399224856e-02
178 155 138
10 26 4437 45 7651 46 6883 51 2828 52 1374 47 6935 2 358 43 753 53 962 3 727
-1
2.132803290e-02 -1.826964454e-02 2.393416350e-02
179 155 128
13 26 4715 45 8067 46 7111 51 4450 52 2176 44 4042 47 10255 2 371 56 592 43 754 53 957 3 724 54 462
-1
2.223206297e-02 -2.087471578e-02 2.367636311e-02
183 168 148
12 26 4556 45 7811 46 6973 52 1409 50 1988 44 3967 47 10066 2 375 56 556 43 773 53 967 54 438
-1
2.233723014e-02 -2.105532913e-02 2.355867036e-02
146 113 93
10 26 2964 45 7795 46 6960 51 2841 52 1398 50 1989 44 2790 47 7020 2 377 56 370
-1
2.182837944e-02 -1.804465197e-02 2.374893790e-02
184 160 135
14 26 4723 45 8076 46 7127 51 2838 52 2178 50 1983 44 2846 47 10267 2 379 56 598 43 770 53 963 21 590 54 464
-1
2.437021752e-02 -2.035891240e-02 2.161038362e-02
182 157 129
7 26 2969 45 7843 46 6996 2 395 56 552 43 818 53 1005
-1
2.524265239e-02 -2.299054583e-02 2.139477942e-02
180 157 141
11 26 2877 45 7582 46 6860 51 2884 52 1354 50 2002 47 6911 2 399 43 822 53 1007 32 648
-1
2.838070913e-02 -3.352741501e-02 1.783491337e-02
98 108 101
4 26 9046 45 10307 46 9355 2 403
-1
2.720222929e-02 -1.827035433e-02 2.039505219e-02
214 213 208
11 26 3026 45 11770 51 2907 52 2121 50 2019 44 2838 47 7135 2 418 56 383 43 501 54 324
-1
3.135488163e-02 -3.070288913e-02 1.890389779e-02
162 136 111
4 26 2588 45 6995 2 428 43 898
-1
3.135488163e-02 -3.070288913e-02 1.890389779e-02
162 136 111
4 26 2587 45 6994 2 429 43 899
-1
3.369298189e-02 -1.836544848e-02 1.749519824e-02
135 113 104
9 26 1935 45 5278 51 2980 52 1416 50 2080 44 2831 2 443 56 373 43 530
-1
3.920984993e-02 -6.442509388e-03 1.461233871e-02
137 113 102
7 26 2071 45 2586 51 1878 52 1067 50 1381 2 454 56 640
-1
2.239398171e-02 -3.334030741e-02 2.404499767e-02
175 148 125
9 26 3833 45 10309 46 9352 51 4461 48 6716 2 481 43 748 53 976 32 727
-1
1.954164355e-02 -1.961217382e-02 2.473190013e-02
185 170 147
15 26 4649 45 7964 46 10371 51 4362 52 2139 50 2840 44 4014 47 10165 2 482 56 573 43 709 53 935 3 1020 21 572 54 451
-1
2.079368493e-02 -2.332308805e-02 2.439786543e-02
169 148 126
8 26 4393 45 7579 46 6852 2 486 43 732 53 946 3 709 32 661
-1
2.379392690e-02 -2.413765114e-02 2.207753732e-02
182 163 133
5 26 4304 45 7481 46 6779 2 521 43 813
-1
2.426827319e-02 -2.058998676e-02 2.168851387e-02
142 112 101
9 26 4549 45 7819 46 6979 51 4549 47 10078 2 535 56 550 43 815 53 1001
-1
2.387672807e-02 -1.577857510e-02 2.166854366e-02
202 181 157
13 26 4820 45 8226 46 7218 51 4544 52 2225 50 2906 44 4112 47 10435 2 538 56 854 43 1198 53 1479 54 637
-1
2.387748630e-02 -1.577580442e-02 2.166368501e-02
202 181 157
11 26 4821 45 8227 51 4543 52 2226 50 2905 44 4113 2 539 56 855 43 1197 53 1478 54 638
-1
2.463255475e-02 -1.927101753e-02 2.147395883e-02
184 159 138
6 26 6848 45 7959 46 7053 47 10175 2 540 43 1201
-1
2.531631029e-02 -1.619581439e-02 2.108867053e-02
207 189 168
13 26 4787 45 8188 46 7206 51 4565 52 2198 50 2003 44 4094 47 10399 2 550 56 839 43 1204 53 1490 54 630
-1
2.638562880e-02 -2.074148554e-02 2.076292430e-02
183 157 129
8 26 6711 45 7798 46 6972 51 4582 47 10068 2 555 56 547 53 1013
-1
2.571468918e-02 -1.660518375e-02 2.089118301e-02
196 168 144
13 26 4752 45 8151 46 7183 51 4567 52 2185 50 2005 44 4083 47 10357 2 556 56 834 43 831 53 1492 54 626
-1
2.571565190e-02 -1.660267111e-02 2.088658306e-02
196 168 144
12 26 4753 45 8152 46 7184 51 4568 52 2186 50 2004 47 10358 2 557 56 835 43 832 53 1491 54 627
-1
2.565297458e-02 -1.640800136e-02 2.094480319e-02
156 124 110
10 26 3090 45 8165 46 7197 51 2893 52 2191 47 10379 2 558 56 837 43 830 53 1008
-1
2.605542428e-02 -1.723920000e-02 2.075611155e-02
197 173 152
13 26 4711 45 8099 46 7147 51 4573 52 2172 50 2933 44 2851 47 7165 2 562 56 582 43 833 53 1010 54 459
-1
2.605542428e-02 -1.723920000e-02 2.075611155e-02
197 173 152
13 26 4712 45 8100 46 7148 51 4574 52 2173 50 2932 44 2852 47 7166 2 563 56 583 43 834 53 1009 54 460
-1
2.639199606e-02 -1.877841143e-02 2.065847432e-02
191 174 159
13 26 4621 45 7992 46 7076 51 4585 52 2108 50 2939 44 4025 47 10222 2 566 56 806 43 1211 53 1501 54 446
-1
2.673050759e-02 -1.943146431e-02 2.054729256e-02
176 154 133
8 26 4578 45 7922 46 7045 52 2069 47 7086 2 570 56 558 43 842
-1
2.673129228e-02 -1.942733491e-02 2.053696014e-02
176 154 133
9 26 4579 45 7923 46 7046 51 2901 52 2070 47 7087 2 571 56 559 43 843
-1
2.622861221e-02 -1.595392181e-02 2.068339408e-02
150 127 104
11 26 3104 45 8202 46 7213 51 4586 52 2200 50 2008 47 10417 2 574 56 841 43 1209 53 1495
-1
2.631589152e-02 -1.614158159e-02 2.061029688e-02
195 171 149
6 26 7071 45 8184 46 7209 51 4594 2 575 43 1212
-1
2.927949301e-02 -2.568414774e-02 1.958344867e-02
134 118 113
5 26 9391 45 7337 51 6874 2 606 43 1247
-1
2.991277298e-02 -2.704196553e-02 1.948346763e-02
171 150 121
5 26 4093 45 7250 51 4656 2 616 43 886
-1
2.987248678e-02 -2.573882631e-02 1.945821101e-02
176 147 122
6 26 4168 45 7336 51 4650 50 2052 2 622 43 890
-1
3.110724323e-02 -3.271256494e-02 1.906865231e-02
126 91 74
5 26 3860 45 6855 51 4686 2 624 43 894
-1
3.029890468e-02 -2.703054394e-02 1.927635781e-02
181 153 131
4 26 6225 45 7249 2 628 43 1269
-1
3.022566320e-02 -2.638107416e-02 1.927475238e-02
180 162 137
6 26 4132 45 7275 51 4668 50 2055 2 630 43 1266
-1
2.910150539e-02 -1.912841520e-02 1.952196654e-02
190 167 139
10 26 6783 45 7944 46 7059 51 4642 52 2061 44 4012 47 10181 2 635 56 789 43 1249
-1
2.938594460e-02 -2.067698253e-02 1.947781124e-02
186 160 137
6 26 4487 45 7787 46 6976 2 636 56 538 43 1251
-1
2.979704861e-02 -2.153963980e-02 1.927954836e-02
192 172 152
8 26 4418 45 7710 51 4652 52 1979 50 2986 44 3943 2 641 43 1260
-1
2.975934716e-02 -2.064528589e-02 1.925815853e-02
191 166 141
10 26 4484 45 7786 46 6975 51 4653 52 2013 50 2982 44 3962 2 645 56 758 43 1258
-1
3.040552427e-02 -2.392461216e-02 1.916328232e-02
180 153 129
4 26 4259 45 11109 2 647 43 1273
-1
3.086106256e-02 -2.524134370e-02 1.892699962e-02
173 150 134
4 26 4189 45 7371 2 652 43 896
-1
3.060839230e-02 -2.107800683e-02 1.894603417e-02
187 159 137
8 26 6629 45 7745 51 4679 52 1993 50 2999 2 657 56 752 43 1278
-1
3.137826173e-02 -2.500632319e-02 1.878216023e-02
181 154 124
6 26 4206 45 7388 51 2958 50 2061 2 664 43 904
-1
3.144204819e-02 -2.432935055e-02 1.866744319e-02
180 151 126
5 26 4225 45 7436 51 4702 2 668 43 1292
-1
3.172857676e-02 -2.498536881e-02 1.853978043e-02
178 153 130
4 26 4205 45 7387 2 673 43 910
-1
3.254394841e-02 -2.167735814e-02 1.807894529e-02
173 158 139
5 26 4381 45 7684 51 4711 2 698 43 1304
-1
3.254394841e-02 -2.167735814e-02 1.807894529e-02
173 158 139
5 26 4382 45 7685 51 4710 2 699 43 1305
-1
3.332548434e-02 -2.555321148e-02 1.761426724e-02
149 114 97
5 26 2757 45 7341 51 1838 50 1356 2 703
-1
2.504000112e-02 -2.210940199e-02 2.137543051e-02
189 167 152
5 26 6604 45 11334 2 820 43 1601 53 1981
-1
2.600198916e-02 -1.880210441e-02 2.087663328e-02
187 172 153
6 26 6865 45 11723 46 10409 51 6837 2 838 43 1207
-1
2.629089629e-02 -1.570776249e-02 2.060157940e-02
199 177 160
13 26 7109 45 8216 46 10640 51 4591 52 2207 50 2938 44 4110 47 10440 2 845 56 845 43 1214 53 1497 54 631
-1
3.074286996e-02 -2.171702805e-02 1.883712222e-02
179 162 146
7 26 6564 45 11358 51 6898 52 1969 50 3001 2 901 43 1281
-1
3.104438501e-02 -2.237446201e-02 1.877648401e-02
181 153 132
4 26 6530 45 7628 2 907 43 1287
-1
3.209907910e-02 -1.884401635e-02 1.817696730e-02
181 167 150
8 26 6769 45 7957 46 7071 51 4705 52 2053 2 924 56 784 43 1300
-1
3.360536687e-02 -2.098290435e-02 1.762667538e-02
174 154 122
5 26 6595 45 11434 52 2984 2 937 43 1316
-1
3.359097465e-02 -1.967163608e-02 1.757582589e-02
183 161 137
8 26 6708 45 7865 51 6917 52 3028 50 3021 2 940 56 767 43 1319
-1
3.386295559e-02 -1.859905476e-02 1.747739461e-02
180 166 139
8 26 4564 45 7968 51 4729 52 2050 44 4020 2 944 56 782 43 1322
-1
3.386295559e-02 -1.859905476e-02 1.747739461e-02
180 166 139
8 26 4565 45 7969 51 4730 52 2051 44 4021 2 945 56 783 43 1323
-1
3.455609420e-02 -2.031753831e-02 1.719277041e-02
179 163 139
4 26 6643 45 11508 2 947 43 1662
-1
3.598808164e-02 -1.917325068e-02 1.653091588e-02
127 109 93
8 26 6718 45 7899 51 4771 52 2024 50 3044 44 4003 2 964 56 771
-1
3.606034527e-02 -1.893700762e-02 1.643358093e-02
191 170 156
8 26 4531 45 7917 51 4772 52 2034 50 3045 44 4010 2 965 56 776
-1
3.613556834e-02 -1.544519161e-02 1.631071236e-02
195 176 149
7 26 6978 45 8183 51 4773 52 3153 44 4100 2 977 56 1160
-1
3.685809700e-02 -1.737447363e-02 1.602856880e-02
196 174 164
7 26 6816 45 8050 51 6995 52 3084 44 4041 2 987 56 1123
-1
3.634322212e-02 -1.345866762e-02 1.616219289e-02
199 178 157
7 26 4810 45 8328 51 4776 52 3220 44 4170 2 988 56 1186
-1
3.755340356e-02 -1.341083953e-02 1.562135660e-02
202 178 159
8 26 7107 45 8321 51 4798 52 3208 50 3052 44 4166 2 1272 56 1183
-1
2.073270168e-02 -3.166245545e-02 2.464906902e-02
127 99 79
5 26 1262 45 1530 51 776 43 148 3 119
-1
2.006616473e-02 -1.741857203e-02 2.444874951e-02
184 159 131
10 26 4788 45 8136 46 7152 51 4401 52 1495 47 7167 56 607 43 723 53 938 3 697
-1
2.053877555e-02 -3.212080677e-02 2.481686264e-02
181 164 141
7 26 3894 45 6890 47 9272 43 434 53 606 3 704 32 488
-1
2.063437464e-02 -3.231877422e-02 2.473838035e-02
152 110 86
9 26 2546 45 6879 46 6371 51 2786 47 9251 43 437 53 607 3 705 32 484
-1
-1.740000190e-02 -5.792333450e-03 -1.649979737e-02
134 130 118
12 26 1469 45 3793 46 3452 47 5051 48 3741 3 863 32 979 6 649 24 479 29 1931 30 2005 31 1038
-1
2.051340529e-02 -3.169066845e-02 2.481757038e-02
121 94 73
8 26 3908 45 10412 46 6387 51 4379 43 706 53 603 3 1024 32 784
-1
-1.738382045e-02 -5.810562856e-03 -1.646727805e-02
134 130 118
12 26 1470 45 3794 46 3453 47 5052 48 3742 49 2913 3 1225 32 980 29 1932 30 2006 31 1039 22 896
-1
-1.702957056e-02 1.141001412e-02 -1.704046843e-02
159 154 145
13 26 2260 45 4144 46 5534 47 7938 48 6059 49 5055 53 1525 3 1238 12 2231 24 1129 29 3006 30 2187 25 1316
-1
-6.221386854e-03 1.708199342e-02 -2.577294383e-02
101 149 196
16 26 1578 45 2795 46 2519 52 1180 44 1597 47 3636 27 622 56 878 53 1199 3 1399 12 1644 21 811 54 655 24 1138 25 1265 28 422
-1
-1.882484717e-02 1.399064770e-02 -1.682616826e-02
156 147 138
12 26 3568 45 9501 46 12112 47 11873 53 2011 3 1770 12 3118 21 1525 54 1183 5 1829 6 1937 7 1357
-1
-1.567253204e-02 -1.155051886e-02 -1.671435844e-02
133 130 121
13 26 2012 45 5445 46 7172 47 7220 48 5286 53 1015 3 1772 12 3136 32 1794 6 919 24 625 8 388 13 467
-1
-1.530881654e-02 -1.074220728e-02 -1.674868975e-02
127 123 115
12 26 2019 45 5487 46 4979 47 7251 53 1509 3 1774 12 2235 32 1801 24 632 29 2752 33 2112 40 1197
-1
-1.604552815e-02 9.881857269e-04 -1.693889726e-02
145 141 130
17 26 3387 45 8974 46 7751 47 7652 53 2016 3 1775 12 3132 6 1362 24 1600 29 2904 30 3124 31 2254 40 3178 41 3314 42 2719 18 2585 25 1183
-1
-1.584750758e-02 1.262804701e-03 -1.692375677e-02
108 89 88
15 26 3392 45 5959 46 5291 53 1520 3 1776 12 2233 29 2909 30 3129 31 2265 20 2365 40 3183 41 3321 42 3918 22 1947 18 2587
-1
-1.571520985e-02 9.859033962e-04 -1.699714329e-02
143 137 125
10 26 5239 45 13183 46 11339 49 10593 53 2021 3 2502 12 3138 24 1602 29 4604 25 1878
-1
-1.765650291e-02 -1.056054600e-02 -1.634422781e-02
140 135 129
22 26 7246 45 12115 21 1737 32 3476 6 1947 7 1322 24 2014 30 6479 31 2904 16 3445 17 4271 20 4755 33 5132 40 4409 41 4696 42 5439 22 2798 23 1547 18 6134 19 2864 8 1201 9 706
-1
-1.775870370e-02 -1.491105780e-02 -1.622674204e-02
129 127 114
15 26 4713 45 11775 46 10381 3 3401 12 4564 32 3356 6 1943 29 6622 20 3362 33 4973 40 4268 41 4531 22 2779 23 1496 8 846
-1
-1.761379961e-02 -8.979643452e-03 -1.641273158e-02
132 132 119
22 26 4923 45 12261 3 3419 12 4577 21 1772 32 3514 6 1948 24 2073 29 6874 30 6521 31 4162 16 3467 17 4310 20 3355 33 5192 40 4478 41 4761 42 5482 22 2807 23 2157 18 6198 8 1203
-1
-1.904019928e-02 1.085840630e-02 -1.665966441e-02
114 98 98
22 26 8074 45 13976 53 2681 3 3423 12 4552 21 2046 54 1558 5 2574 6 2898 7 1857 24 3785 29 7733 30 7096 31 4570 16 3718 20 4618 40 6900 41 7475 22 4253 19 3460 35 3458 25 2830
-1
-1.648326290e-02 -6.935055947e-03 -1.667535146e-02
142 137 129
9 26 7400 45 12442 53 3590 3 3463 12 6782 32 3556 6 2921 24 2146 29 6969
-1
-1.755796744e-02 1.552852332e-02 -1.705218856e-02
155 142 138
6 26 8198 45 14261 53 2718 3 3481 12 6769 6 2912
-1
-1.511517872e-02 -9.095586070e-03 -1.683608924e-02
135 130 126
11 26 7297 45 12235 53 2689 3 3498 12 4640 32 3512 6 2943 24 2070 29 10298 8 1725 13 2165
-1
-1.959651403e-03 3.638576743e-03 -2.551531552e-02
53 99 139
12 26 10448 45 13235 52 3482 44 6326 56 2457 43 2211 53 4232 3 3968 12 7378 21 2535 54 1449 7 2230
-1
-1.725274718e-02 -1.053261254e-02 -1.644087014e-02
134 133 115
25 26 7240 45 12114 46 10609 3 4723 12 4581 21 1739 32 3475 5 2579 6 1951 7 1331 24 2017 29 6826 30 6478 31 4122 16 3444 17 4270 20 4770 33 5131 40 4407 41 4692 42 5437 22 2806 23 1546 18 6126 8 1204
-1
-1.860011492e-02 1.616627279e-02 -1.689241180e-02
155 142 138
11 26 8232 45 14311 53 3620 3 4736 12 6735 21 2780 54 2065 5 3830 7 2439 30 7258 25 3895
-1
-1.857562120e-02 1.614065294e-02 -1.685853166e-02
155 142 138
10 26 8233 45 14312 53 3621 3 4737 12 6736 21 2781 54 2066 5 3831 6 4349 7 2440
-1
-1.753799440e-02 4.907404976e-03 -1.678541279e-02
147 143 132
11 26 7874 45 13541 53 2688 3 4739 12 6761 5 3838 6 2915 24 3615 29 10760 18 6720 25 3644
-1
-2.178179037e-03 3.840370767e-03 -2.564649652e-02
148 204 229
15 26 7650 45 13256 46 11439 52 4749 44 6331 27 1344 56 1921 43 2773 53 4224 3 5428 12 7364 21 2539 54 1887 7 2774 29 7331
-1
-1.857369295e-02 1.857316078e-02 -1.694720013e-02
146 145 133
9 26 8296 45 14452 53 3631 12 6740 21 2826 54 2093 5 3833 6 4350 24 5254
-1
2.125565313e-02 -9.784085899e-04 2.283917663e-02
233 236 237
15 26 1128 45 1363 46 1156 51 794 52 575 50 598 44 832 47 1686 48 1256 49 916 27 353 56 230 21 145 54 185 55 132
-1
-1.836739313e-02 -8.786508904e-03 -1.626944423e-02
98 92 85
17 26 4930 45 12283 24 1393 29 6887 30 6531 31 2951 16 3470 17 4315 20 3336 33 5200 40 4494 41 4779 42 5499 22 2789 23 1576 18 4025 8 853
-1
-7.957410835e-03 4.322555156e-03 -2.487473016e-02
184 216 241
10 26 2127 45 6001 46 5343 44 3188 47 7717 12 2340 21 1087 24 1041 25 1162 28 616
-1
-1.831552395e-02 -8.558192726e-03 -1.627811017e-02
135 131 125
17 26 4942 45 12305 21 1777 24 1396 29 6905 30 6534 31 2961 16 3475 17 4324 20 3339 33 5208 40 4499 41 4797 42 5504 22 2793 23 1579 18 6230
-1
-1.671970481e-02 1.135534306e-02 -1.706767647e-02
154 152 138
9 26 8068 45 13995 30 7111 31 4573 20 4729 40 6886 41 10063 22 6737 19 4804
-1
2.110057451e-02 -1.212536539e-02 2.378575537e-02
160 132 115
12 26 3263 45 8587 46 7495 51 2824 52 1598 50 1967 44 4271 47 10798 56 931 53 951 21 668 54 718
-1
2.079259217e-02 -1.475793667e-02 2.405468797e-02
189 170 144
12 26 4902 45 8333 46 7301 51 4440 52 2301 50 2863 44 4168 47 10562 56 884 53 1434 21 869 54 679
-1
2.107451876e-02 -1.409702012e-02 2.391779905e-02
190 171 149
10 26 4929 45 8404 46 7340 51 4451 52 2331 44 4189 56 894 53 1439 21 876 54 689
-1
2.147549275e-02 -1.406506186e-02 2.371270611e-02
195 173 160
11 26 4926 45 8401 51 4466 52 2325 50 2877 44 4187 47 10622 56 893 53 1457 21 877 54 688
-1
2.107595939e-02 -1.367868990e-02 2.391059461e-02
204 182 156
12 26 3204 45 8444 46 7376 51 2823 52 1567 50 1966 44 2979 47 7390 56 907 53 1440 21 881 54 699
-1
2.194227297e-02 -1.342039259e-02 2.350889178e-02
195 184 157
12 26 4967 45 8454 46 7393 51 4485 52 2344 50 2884 44 4218 47 10678 56 905 53 1461 21 884 54 700
-1
1.961133389e-02 -1.282504355e-02 2.444173079e-02
198 177 146
12 26 5015 45 8522 46 7435 51 4395 52 2389 50 1948 44 4247 47 10733 56 925 53 1413 21 893 54 713
-1
2.143276276e-02 -1.275818683e-02 2.367619008e-02
202 180 157
12 26 4997 45 8509 46 7436 51 4468 52 2372 50 2875 44 4242 47 10736 56 917 53 1452 21 894 54 709
-1
2.131786701e-02 -1.257376326e-02 2.374712255e-02
151 126 109
12 26 5006 45 8537 46 7461 51 4463 52 2383 50 2873 44 4251 47 10752 56 918 53 1447 21 897 54 711
-1
2.141208349e-02 -1.233763636e-02 2.366965799e-02
192 172 148
12 26 5018 45 8554 46 7477 51 4469 52 2386 50 2876 44 4262 47 10774 56 922 53 1449 21 900 54 715
-1
2.100574406e-02 -1.193090452e-02 2.386346761e-02
202 190 159
12 26 5050 45 8601 46 7515 51 2825 52 2412 44 4286 47 10821 27 1043 56 936 53 1436 21 901 54 720
-1
1.974698914e-02 -1.151670390e-02 2.434955546e-02
191 170 146
11 26 5071 45 8644 46 11061 51 4403 52 2434 50 2850 44 4297 56 950 53 1419 21 909 54 722
-1
2.123861222e-02 -1.036929819e-02 2.369395527e-02
198 172 147
12 26 5114 45 8740 46 7633 51 4471 52 2453 50 2874 44 3061 47 10971 56 958 53 1443 21 927 54 726
-1
1.980724506e-02 -9.972457295e-03 2.423688548e-02
203 188 170
13 26 5157 45 8791 46 7661 51 4408 52 2480 50 2852 44 4364 47 11008 27 1059 56 970 53 1423 21 934 54 738
-1
2.082387565e-02 -7.559871043e-03 2.375489980e-02
131 115 99
16 26 5246 45 8962 46 7803 51 4458 52 2550 50 2869 44 4477 47 11163 48 8500 49 10505 27 1075 56 1320 53 1433 21 959 54 749 55 395
-1
1.923794096e-02 -1.084974330e-02 2.451136187e-02
208 183 162
11 26 7559 45 12742 46 11112 51 4380 52 3469 50 2841 44 4326 56 1292 53 1915 21 1226 54 941
-1
2.499406423e-02 -5.469761129e-03 2.077681022e-02
221 195 173
13 26 7743 45 9047 46 11573 51 6827 52 3625 50 4106 44 4561 47 11308 27 1367 56 1705 53 1975 21 1253 54 1290
-1
2.457958079e-02 -5.478157370e-03 2.098520595e-02
217 197 175
12 26 7753 45 13360 46 11579 51 6819 52 3633 50 4101 44 6383 27 1752 56 1708 53 1969 21 1674 54 1293
-1
2.318733831e-02 -5.100942393e-03 2.157269757e-02
208 188 165
11 26 7794 45 13407 46 11623 51 6775 52 3678 50 4074 44 6418 56 1726 53 1960 21 1675 54 1298
-1
-6.052523057e-03 1.559779940e-02 -2.542116149e-02
87 132 178
7 26 797 45 1381 44 850 27 347 24 376 25 287 28 247
-1
2.008743618e-02 -4.529272676e-03 2.357532043e-02
170 141 131
5 26 245 45 376 46 364 52 98 44 174
-1
-6.277074916e-03 -2.646898395e-02 -2.470067627e-02
16 19 18
2 26 304 45 510
-1
-1.981650970e-02 -1.345035797e-02 -1.683204613e-02
116 163 185
6 26 323 45 841 46 695 47 1042 48 776 49 760
-1
1.804833444e-02 -2.838663088e-04 2.391824231e-02
103 94 90
8 26 367 45 631 46 516 51 147 52 173 50 106 44 352 27 162
-1
1.819595169e-02 -4.121200162e-03 2.351533267e-02
130 107 97
7 26 498 45 1324 46 1616 51 358 52 372 50 262 44 798
-1
1.803736778e-02 -1.603708273e-03 2.367995493e-02
108 98 92
8 26 517 45 1359 46 1150 51 768 52 384 50 263 48 895 27 229
-1
2.436391723e-02 -3.291274469e-02 3.504218537e-02
23 24 24
2 26 595 45 1072
-1
-6.094938571e-03 -2.808948043e-02 -2.413886161e-02
101 130 144
4 26 617 45 1112 46 951 47 1415
-1
2.213400485e-02 -3.813029706e-03 2.241524913e-02
167 139 126
8 26 758 45 921 46 762 51 546 50 406 44 554 47 767 27 218
-1
2.141141322e-02 -4.767410021e-03 2.298685691e-02
218 225 230
9 26 1096 45 1311 46 1120 51 793 52 543 50 597 44 793 47 1138 27 449
-1
3.293406675e-02 -1.847279694e-02 1.779509779e-02
135 117 106
5 26 1375 45 2407 51 1247 52 451 44 963
-1
-9.235638309e-03 -1.688113697e-02 -1.541310955e-02
31 38 34
2 26 1384 45 1660
-1
2.081192505e-02 -1.532539215e-02 2.395252055e-02
185 169 143
5 26 1448 45 2457 46 2199 51 1189 47 3241
-1
2.209548441e-02 -4.894835517e-03 2.229064752e-02
189 149 129
6 26 1518 45 1310 46 1117 52 536 50 600 47 1642
-1
2.258583655e-02 5.941032396e-03 2.141056257e-02
220 200 182
5 26 1636 45 2833 46 3899 51 1775 52 1250
-1
3.249935374e-02 -3.280219217e-02 3.727047827e-02
181 186 190
2 26 1738 45 2159
-1
2.521269656e-02 -1.005283239e-02 2.092260071e-02
210 187 158
5 26 2073 45 3846 52 1074 50 1308 44 2080
-1
-6.524267793e-03 4.374863626e-03 -2.508865952e-02
179 215 248
4 26 2121 45 3976 44 2176 27 584
-1
-1.977059526e-02 1.274590380e-03 -1.702517754e-02
174 223 253
3 26 2141 45 3967 28 524
-1
4.334059269e-02 1.739085459e-03 1.256297523e-02
204 188 168
6 26 2161 45 2729 51 1895 52 1119 50 1386 44 1539
-1
-1.949308475e-02 3.893261625e-03 -1.658970338e-02
71 76 74
3 26 2179 45 6058 47 7737
-1
3.685443071e-02 5.753309193e-03 1.520589502e-02
204 188 164
10 26 2245 45 2803 46 3884 51 1871 52 1177 50 1373 44 2355 47 3667 48 2792 49 3335
-1
2.411029548e-02 1.234047578e-03 2.094559864e-02
211 188 171
7 26 2250 45 4151 46 3825 52 1193 44 2309 47 5443 49 3271
-1
-1.950783983e-02 1.646794685e-02 -1.693677509e-02
160 145 144
2 26 2313 45 6376
-1
1.960625547e-02 6.153488291e-03 2.340743603e-02
207 191 169
10 26 2363 45 2845 46 3905 51 1737 52 1276 50 1286 44 2414 48 2801 49 3371 27 692
-1
3.179331021e-02 -3.338370359e-02 1.892255332e-02
182 187 187
2 26 2476 45 4652
-1
1.799954213e-02 -2.390881442e-02 2.456893472e-02
104 79 68
4 26 2880 45 7529 51 2729 52 1356
-1
3.181524893e-02 -1.843016916e-02 1.839026365e-02
155 127 114
9 26 2996 45 5285 46 4890 51 2964 52 1421 50 1343 44 2832 56 375 43 914
-1
2.756346846e-02 -1.853309250e-02 2.023622603e-02
155 134 123
7 26 3020 45 5291 46 4888 51 1794 52 1436 50 1316 56 378
-1
2.345765806e-02 -1.360984278e-02 2.181592571e-02
209 181 155
10 26 3178 45 5603 46 7363 51 2871 52 1547 50 1997 44 2970 47 10652 56 620 53 983
-1
2.082849123e-02 -1.386082528e-02 2.395050540e-02
156 134 115
2 26 3198 45 5612
-1
2.082849123e-02 -1.386082528e-02 2.395050540e-02
156 134 115
